name: akeras
channels:
  - peterjc123
  - willyd
  - conda-forge
  - defaults
dependencies:
  - backcall=0.2.0=pyh9f0ad1d_0
  - backports=1.0=py_2
  - backports.functools_lru_cache=1.6.4=pyhd8ed1ab_0
  - ca-certificates=2021.5.30=h5b45459_0
  - certifi=2021.5.30=py38haa244fe_0
  - colorama=0.4.4=pyh9f0ad1d_0
  - cudatoolkit=11.2.2=h933977f_8
  - cudnn=8.2.1.32=h754d62a_0
  - cycler=0.10.0=py_2
  - debugpy=1.4.1=py38h885f38d_0
  - decorator=5.0.9=pyhd8ed1ab_0
  - freetype=2.10.4=h546665d_1
  - icu=68.1=h0e60522_0
  - intel-openmp=2021.3.0=h57928b3_3372
  - ipykernel=6.2.0=py38h595d716_0
  - ipython=7.26.0=py38h595d716_0
  - ipython_genutils=0.2.0=py_1
  - jbig=2.1=h8d14728_2003
  - jedi=0.18.0=py38haa244fe_2
  - jpeg=9d=h8ffe710_0
  - jupyter_client=6.1.12=pyhd8ed1ab_0
  - jupyter_core=4.7.1=py38haa244fe_0
  - kiwisolver=1.3.1=py38hbd9d945_1
  - lcms2=2.12=h2a16943_0
  - lerc=2.2.1=h0e60522_0
  - libblas=3.9.0=11_win64_mkl
  - libcblas=3.9.0=11_win64_mkl
  - libclang=11.1.0=default_h5c34c98_1
  - libdeflate=1.7=h8ffe710_5
  - liblapack=3.9.0=11_win64_mkl
  - libpng=1.6.37=h1d00b33_2
  - libsodium=1.0.18=h8d14728_1
  - libtiff=4.3.0=h0c97f57_1
  - lz4-c=1.9.3=h8ffe710_1
  - matplotlib=3.4.3=py38haa244fe_0
  - matplotlib-base=3.4.3=py38h1f000d6_0
  - matplotlib-inline=0.1.2=pyhd8ed1ab_2
  - mkl=2021.3.0=hb70f87d_564
  - olefile=0.46=pyh9f0ad1d_1
  - openjpeg=2.4.0=hb211442_1
  - openssl=1.1.1k=h8ffe710_1
  - parso=0.8.2=pyhd8ed1ab_0
  - pickleshare=0.7.5=py_1003
  - pillow=8.3.1=py38h794f750_0
  - pip=21.2.4=pyhd8ed1ab_0
  - prompt-toolkit=3.0.19=pyha770c72_0
  - pygments=2.10.0=pyhd8ed1ab_0
  - pyparsing=2.4.7=pyh9f0ad1d_0
  - pyqt=5.12.3=py38haa244fe_7
  - pyqt-impl=5.12.3=py38h885f38d_7
  - pyqt5-sip=4.19.18=py38h885f38d_7
  - pyqtchart=5.12=py38h885f38d_7
  - pyqtwebengine=5.12.1=py38h885f38d_7
  - python=3.8.10=h7840368_1_cpython
  - python-dateutil=2.8.2=pyhd8ed1ab_0
  - python_abi=3.8=2_cp38
  - pywin32=301=py38h294d835_0
  - pyzmq=22.2.1=py38h09162b1_0
  - qt=5.12.9=h5909a2a_4
  - setuptools=57.4.0=py38haa244fe_0
  - sqlite=3.36.0=h8ffe710_0
  - tbb=2021.3.0=h2d74725_0
  - tk=8.6.11=h8ffe710_0
  - tornado=6.1=py38h294d835_1
  - traitlets=5.0.5=py_0
  - ucrt=10.0.20348.0=h57928b3_0
  - vc=14.1=h21ff451_1
  - vs2015_runtime=14.29.30037=h902a5da_5
  - vs2017_runtime=15.4.27004.2010=1
  - wcwidth=0.2.5=pyh9f0ad1d_2
  - wheel=0.37.0=pyhd8ed1ab_1
  - xz=5.2.5=h62dcd97_1
  - zeromq=4.3.4=h0e60522_0
  - zlib=1.2.11=h62dcd97_1010
  - zstd=1.5.0=h6255e5f_0
  - pip:
    - absl-py==0.13.0
    - astunparse==1.6.3
    - cachetools==4.2.2
    - charset-normalizer==2.0.4
    - flatbuffers==1.12
    - gast==0.3.3
    - google-auth==1.35.0
    - google-auth-oauthlib==0.4.5
    - google-pasta==0.2.0
    - grpcio==1.32.0
    - h5py==2.10.0
    - idna==3.2
    - keras-preprocessing==1.1.2
    - markdown==3.3.4
    - numpy==1.19.5
    - oauthlib==3.1.1
    - opt-einsum==3.3.0
    - protobuf==3.17.3
    - pyasn1==0.4.8
    - pyasn1-modules==0.2.8
    - requests==2.26.0
    - requests-oauthlib==1.3.0
    - rsa==4.7.2
    - six==1.15.0
    - tensorboard==2.6.0
    - tensorboard-data-server==0.6.1
    - tensorboard-plugin-wit==1.8.0
    - tensorflow==2.4.1
    - tensorflow-estimator==2.4.0
    - termcolor==1.1.0
    - typing-extensions==3.7.4.3
    - urllib3==1.26.6
    - werkzeug==2.0.1
    - wrapt==1.12.1
